360878498
360878499
360878500
360878501
360878502
360878503
360878504
360878505
360878506
360878507
360878508
360878509
360878510
360878511
360878512
360878513
360878514
360878515
360878516
360878517
360878518
360878519
360878520
360878521
360878522
360878523
360878524
360878525
360878526
360878527
360878528
360878529
360878530
360878531
360878532
360878533
360878534
360878535
360878536
360878537
360878538
360878539
360878540
360878541
360878542
360878543
360878544
360878545
360878546
360878547
360878548
360878549
360878550
360878551
360878552
360878553
360878554
360878555
360878556
360878557
360878558
360878559
360878560
360878561
360878562
360878563
360878564
360878565
360878566
360878567
360878568
360878569
360878570
360878571
360878572
360878573
360878574
360878575
360878576
360878577
360878578
360878579
360878580
360878581
360878582
360878583
360878584
360878585
360878586
360878587
360878588
360878589
360878590
360878591
360878592
360878593
360878594
360878595
360878596
360878597
